everybodys models/Korell/DS--1.asc
ncols        17
nrows        17
xllcorner    151.166861111112
yllcorner    -20.801138888579
cellsize     0.001000000000
NODATA_value  -3.4028234663852885981e+38
 -8.8127593994140625 -8.1305103302001953125 -6.54199981689453125 -3.7543125152587890625 -2.667392730712890625 -1.53569793701171875 -1.329742431640625 -1.3999614715576171875 -1.67540740966796875 -4.9307422637939453125 -15.515091896057128906 -18.844875335693359375 -19.813861846923828125 -20.479335784912109375 -21.01023101806640625 -21.231748580932617188 -21.288249969482421875
 -9.04685211181640625 -9.249237060546875 -8.5668087005615234375 -5.8303623199462890625 -5.0510044097900390625 -2.5989246368408203125 -1.728343963623046875 -1.5063381195068359375 -0.8891887664794921875 -1.325927734375 -10.309461593627929688 -19.011312484741210938 -20.103244781494140625 -20.493432998657226562 -20.666494369506835938 -20.827241897583007812 -20.74664306640625
 -8.19580841064453125 -9.011859893798828125 -10.657756805419921875 -12.032564163208007812 -9.6620922088623046875 -3.612087249755859375 -2.0860309600830078125 -1.6176242828369140625 -1.5601482391357421875 -1.790771484375 -2.569828033447265625 -14.899076461791992188 -19.2625274658203125 -20.2726287841796875 -20.599864959716796875 -20.69345855712890625 -20.604511260986328125
 -7.7836360931396484375 -8.6330966949462890625 -12.290381431579589844 -15.053563117980957031 -11.397874832153320312 -5.2813510894775390625 -2.9075298309326171875 -2.1664524078369140625 -1.9101581573486328125 -1.7377910614013671875 -2.123607635498046875 -8.3759565353393554688 -17.495357513427734375 -19.385805130004882812 -20.32471466064453125 -20.59473419189453125 -20.6410980224609375
 -6.991527557373046875 -8.121612548828125 -13.515651702880859375 -16.351331710815429688 -13.678631782531738281 -9.1259927749633789062 -5.198619842529296875 -2.6018161773681640625 -1.7517108917236328125 -1.32781982421875 -1.5148334503173828125 -3.0677633285522460938 -6.576122283935546875 -15.167345046997070312 -18.84304046630859375 -20.0915069580078125 -20.802639007568359375
 -5.9519367218017578125 -7.8189563751220703125 -12.31268310546875 -12.921500205993652344 -14.151363372802734375 -13.799722671508789062 -10.716906547546386719 -3.6019964218139648438 -2.8632783889770507812 -1.9495105743408203125 -2.7112827301025390625 -3.1862726211547851562 -3.2748212814331054688 -5.5135173797607421875 -12.015857696533203125 -17.900478363037109375 -21.121089935302734375
 -4.087123870849609375 -3.8156795501708984375 -7.27850341796875 -8.6387472152709960938 -13.228204727172851562 -14.060636520385742188 -13.490332603454589844 -9.9179935455322265625 -3.8390436172485351562 -1.8110504150390625 -2.6892833709716796875 -2.9558472633361816406 -2.1086726188659667969 -2.5196447372436523438 -2.7093181610107421875 -11.951886177062988281 -20.361135482788085938
 -2.7918548583984375 -2.787662506103515625 -3.745830535888671875 -4.315975189208984375 -10.755754470825195312 -11.964061737060546875 -12.495329856872558594 -12.372900009155273438 -5.4436125755310058594 -3.1776170730590820312 -3.1028208732604980469 -3.4521775245666503906 -2.733905792236328125 -3.0381131172180175781 -2.6791071891784667969 -4.3798551559448242188 -9.8162908554077148438
 -2.6242694854736328125 -2.75858306884765625 -2.919017791748046875 -3.3779163360595703125 -5.5944881439208984375 -8.5659475326538085938 -11.433437347412109375 -13.657711029052734375 -7.425075531005859375 -4.2593021392822265625 -3.1038904190063476562 -2.4349741935729980469 -3.4317111968994140625 -3.4231746196746826172 -2.8561151027679443359 -3.3170244693756103516 -3.9745111465454101562
 -2.2223052978515625 -2.4087848663330078125 -2.4358367919921875 -3.0834217071533203125 -3.5779323577880859375 -7.2037820816040039062 -10.426802635192871094 -13.612775802612304688 -10.642171859741210938 -7.4453797340393066406 -4.013263702392578125 -2.5821256637573242188 -1.8313465118408203125 -3.2473397254943847656 -2.0198969841003417969 -2.8714761734008789062 -2.6637940406799316406
 -1.67009735107421875 -1.9715061187744140625 -2.3447265625 -2.9511165618896484375 -3.3293304443359375 -4.685272216796875 -8.55265045166015625 -12.61437225341796875 -11.439549446105957031 -9.4206418991088867188 -5.6653304100036621094 -3.6363444328308105469 -2.6181917190551757812 -2.0819225311279296875 -2.1502366065979003906 -2.3332965373992919922 -2.0354781150817871094
 -1.2569370269775390625 -1.3756122589111328125 -2.1060619354248046875 -2.49920654296875 -2.4505558013916015625 -2.808574676513671875 -3.4121913909912109375 -6.2096471786499023438 -6.4541759490966796875 -7.4849529266357421875 -7.6944513320922851562 -5.8810634613037109375 -4.0497560501098632812 -2.2719850540161132812 -1.4694724082946777344 -2.2784075736999511719 -1.8115401268005371094
 -0.6913700103759765625 -0.89559173583984375 -1.4912662506103515625 -1.6077289581298828125 -1.5285511016845703125 -1.6131305694580078125 -1.7775058746337890625 -2.27695465087890625 -3.441158294677734375 -4.7248544692993164062 -7.2313127517700195312 -8.3827667236328125 -7.922847747802734375 -3.77234649658203125 -2.1747217178344726562 -2.6117434501647949219 -2.9821629524230957031
 -1.409275054931640625 -1.3991413116455078125 -1.2259044647216796875 -0.9308300018310546875 -1.189281463623046875 -1.22162628173828125 -2.091945648193359375 -1.516933441162109375 -2.178333282470703125 -3.329071044921875 -4.5380048751831054688 -8.5084991455078125 -10.116750717163085938 -8.243640899658203125 -3.8983273506164550781 -3.1088390350341796875 -3.5564560890197753906
 -0.7416534423828125 -1.4813995361328125 -1.304637908935546875 -1.4134197235107421875 -2.379077911376953125 -1.857997894287109375 -1.1452579498291015625 -1.1115741729736328125 -1.5622806549072265625 -2.3589611053466796875 -3.793292999267578125 -6.3191041946411132812 -9.73822021484375 -10.324398994445800781 -5.8934793472290039062 -4.013698577880859375 -4.5607161521911621094
 -1.07718658447265625 -1.03746795654296875 -1.467559814453125 -2.4525661468505859375 -5.6532955169677734375 -5.9168758392333984375 -3.308277130126953125 -1.6662883758544921875 -1.1736202239990234375 -1.6772823333740234375 -3.02254486083984375 -4.71002960205078125 -7.7053518295288085938 -9.696563720703125 -4.9591398239135742188 -3.6857671737670898438 -4.3449115753173828125
 -1.538661956787109375 -1.229137420654296875 -1.828540802001953125 -4.7834224700927734375 -7.798542022705078125 -6.136474609375 -2.9489345550537109375 -1.4659328460693359375 -1.3756504058837890625 -2.101409912109375 -2.1915569305419921875 -3.9914112091064453125 -6.4824075698852539062 -9.0050382614135742188 -3.1900663375854492188 -3.0140438079833984375 -3.6925868988037109375
