everybodys models/Korell/DS--3.asc
ncols        17
nrows        17
xllcorner    151.139861111112
yllcorner    -20.791138888579
cellsize     0.001000000000
NODATA_value  -3.4028234663852885981e+38
 -4.2963953018188476562 -4.7678728103637695312 -3.4665088653564453125 -2.3975353240966796875 -1.6938428878784179688 -1.335948944091796875 -1.2972011566162109375 -1.0536632537841796875 -0.958118438720703125 -1.4677600860595703125 -1.56368255615234375 -1.58222198486328125 -0.9231109619140625 -1.28852081298828125 -1.820308685302734375 -1.6248722076416015625 -1.294002532958984375
 -5.1097879409790039062 -4.6010589599609375 -3.1994981765747070312 -2.591976165771484375 -1.95319366455078125 -1.7461042404174804688 -1.5418872833251953125 -1.672138214111328125 -1.6712093353271484375 -1.5323619842529296875 -1.3117828369140625 -1.6725311279296875 -1.312725067138671875 -1.3728275299072265625 -1.8367977142333984375 -1.7702159881591796875 -1.590862274169921875
 -5.7859797477722167969 -5.0668768882751464844 -3.6271734237670898438 -3.1264095306396484375 -2.7141246795654296875 -2.4981842041015625 -2.4635858535766601562 -2.639739990234375 -2.0903072357177734375 -1.75164031982421875 -1.77613067626953125 -2.0957851409912109375 -1.845241546630859375 -1.4343967437744140625 -1.30657958984375 -1.3325023651123046875 -1.057460784912109375
 -6.1956686973571777344 -5.5146508216857910156 -4.4223175048828125 -3.9585714340209960938 -3.4689931869506835938 -3.2277269363403320312 -2.9579257965087890625 -2.9424591064453125 -2.5349712371826171875 -2.0355777740478515625 -2.009685516357421875 -2.620662689208984375 -2.6272068023681640625 -2.014556884765625 -1.4619884490966796875 -1.149562835693359375 -1.3700408935546875
 -5.8758535385131835938 -5.2650213241577148438 -4.905132293701171875 -4.3005557060241699219 -3.2325201034545898438 -3.1341705322265625 -2.8530864715576171875 -2.7189626693725585938 -2.519702911376953125 -2.13597869873046875 -2.239704132080078125 -2.6273479461669921875 -2.8942279815673828125 -2.799228668212890625 -1.986385345458984375 -1.23432159423828125 -1.6168384552001953125
 -5.4325890541076660156 -5.2071509361267089844 -5.1746578216552734375 -4.8900732994079589844 -3.765277862548828125 -3.3115329742431640625 -2.7532548904418945312 -2.709247589111328125 -2.5217609405517578125 -2.225128173828125 -2.1379718780517578125 -2.471118927001953125 -2.8107051849365234375 -3.0708770751953125 -1.8480854034423828125 -1.2701053619384765625 -1.863628387451171875
 -4.3025960922241210938 -3.8344426155090332031 -4.660686492919921875 -4.4345197677612304688 -3.1312518119812011719 -3.3450574874877929688 -2.7449502944946289062 -2.833866119384765625 -2.6603832244873046875 -2.1632900238037109375 -2.152099609375 -2.062221527099609375 -2.6794147491455078125 -3.1175384521484375 -2.64926910400390625 -1.5906581878662109375 -1.8966693878173828125
 -4.1068897247314453125 -4.2498502731323242188 -4.6548190116882324219 -4.6840991973876953125 -4.387744903564453125 -4.13739776611328125 -3.606990814208984375 -3.4549264907836914062 -2.8777790069580078125 -2.3999309539794921875 -2.1615848541259765625 -2.1450901031494140625 -2.369884490966796875 -2.8302974700927734375 -3.2972812652587890625 -1.7230205535888671875 -1.599155426025390625
 -4.25728607177734375 -4.8540210723876953125 -4.4040460586547851562 -4.8843755722045898438 -5.0361728668212890625 -4.6659984588623046875 -4.1251249313354492188 -3.9818515777587890625 -3.251068115234375 -2.4897136688232421875 -2.0884571075439453125 -1.9042835235595703125 -2.024066925048828125 -2.5766086578369140625 -3.037334442138671875 -1.7966709136962890625 -1.153148651123046875
 -5.6184740066528320312 -4.4982852935791015625 -4.4697370529174804688 -5.0379428863525390625 -4.44480133056640625 -4.1617097854614257812 -3.9007558822631835938 -4.62239837646484375 -3.70197296142578125 -2.702800750732421875 -2.4881343841552734375 -2.35050201416015625 -2.239986419677734375 -2.6154232025146484375 -2.984935760498046875 -2.1905269622802734375 -1.59243011474609375
 -5.2709827423095703125 -4.63790130615234375 -5.0880146026611328125 -5.749603271484375 -4.1195545196533203125 -3.610107421875 -3.8817882537841796875 -4.53778839111328125 -4.5283031463623046875 -3.83551025390625 -3.821796417236328125 -3.4477710723876953125 -2.9623165130615234375 -2.9802150726318359375 -3.060344696044921875 -2.4633197784423828125 -1.742321014404296875
 -4.3631496429443359375 -4.282436370849609375 -4.89916229248046875 -5.0683803558349609375 -3.42835235595703125 -3.029674530029296875 -3.6802768707275390625 -4.29706573486328125 -4.6255016326904296875 -4.701023101806640625 -5.28423309326171875 -4.1460723876953125 -3.696094512939453125 -3.407073974609375 -3.0475902557373046875 -2.62674713134765625 -1.79852294921875
 -3.529880523681640625 -3.05388641357421875 -2.738513946533203125 -3.3129062652587890625 -2.971866607666015625 -2.9787654876708984375 -3.524456024169921875 -3.7668895721435546875 -4.2061767578125 -5.2103862762451171875 -6.7528705596923828125 -6.1655120849609375 -4.118133544921875 -3.386356353759765625 -3.4477748870849609375 -3.1123180389404296875 -2.3630352020263671875
 -2.7399578094482421875 -2.053325653076171875 -1.869915008544921875 -2.2835178375244140625 -2.5550212860107421875 -2.7338390350341796875 -3.057926177978515625 -2.824230194091796875 -2.725086212158203125 -3.977691650390625 -6.8693790435791015625 -8.8708477020263671875 -4.3056488037109375 -3.3700389862060546875 -3.3136539459228515625 -2.9965572357177734375 -2.4475555419921875
 -1.857372283935546875 -1.4992389678955078125 -1.0824337005615234375 -1.240955352783203125 -1.672088623046875 -1.96869659423828125 -1.9581546783447265625 -1.680927276611328125 -1.85308074951171875 -3.066131591796875 -4.95212554931640625 -8.2346744537353515625 -4.228969573974609375 -2.8984088897705078125 -2.7733402252197265625 -2.3128070831298828125 -2.0828189849853515625
 -1.152217864990234375 -1.0038604736328125 -0.631011962890625 -0.63164520263671875 -1.257801055908203125 -0.96041107177734375 -0.770172119140625 -0.531909942626953125 -0.9404144287109375 -2.22856903076171875 -3.7554035186767578125 -6.8215198516845703125 -2.99011993408203125 -2.1018238067626953125 -2.0525913238525390625 -1.8883495330810546875 -1.834293365478515625
 -0.889636993408203125 -1.066448211669921875 -0.66040802001953125 -0.907093048095703125 -1.991565704345703125 -0.91904449462890625 -0.772731781005859375 -0.1483154296875 -0.48777008056640625 -1.5408172607421875 -2.375522613525390625 -3.0051422119140625 -2.0892620086669921875 -2.306926727294921875 -2.235668182373046875 -2.0963344573974609375 -2.4069919586181640625
