everybodys models/Korell/DS--2.asc
ncols        17
nrows        17
xllcorner    151.153861111112
yllcorner    -20.819138888579
cellsize     0.001000000000
NODATA_value  -3.4028234663852885981e+38
 -8.428089141845703125 -4.3915233612060546875 -8.68523406982421875 -13.287793159484863281 -14.216371536254882812 -13.885799407958984375 -13.359668731689453125 -11.715242385864257812 -6.422481536865234375 -1.9284648895263671875 -1.6184844970703125 -1.181262969970703125 -0.981884002685546875 -0.864025115966796875 -1.523250579833984375 -2.6230907440185546875 -4.222812652587890625
 -12.478521347045898438 -10.978949546813964844 -14.133860588073730469 -14.226675033569335938 -14.315356254577636719 -14.027985572814941406 -13.467376708984375 -12.763898849487304688 -7.5609874725341796875 -2.4517116546630859375 -1.653636932373046875 -1.51064300537109375 -1.31780242919921875 -1.053737640380859375 -1.709197998046875 -2.78603363037109375 -4.799610137939453125
 -14.669704437255859375 -13.851873397827148438 -15.020505905151367188 -14.598628044128417969 -14.089841842651367188 -14.347620010375976562 -14.932028770446777344 -13.2733154296875 -8.7977085113525390625 -2.4125118255615234375 -1.546741485595703125 -1.4569091796875 -1.21504974365234375 -0.994167327880859375 -1.43825531005859375 -2.752254486083984375 -5.91159820556640625
 -15.980592727661132812 -14.8118743896484375 -15.077782630920410156 -14.991818428039550781 -14.364501953125 -15.02742767333984375 -15.158576011657714844 -13.371997833251953125 -8.6521453857421875 -3.2325649261474609375 -1.724292755126953125 -1.289394378662109375 -1.236278533935546875 -0.963253021240234375 -1.525905609130859375 -3.640018463134765625 -7.116436004638671875
 -16.971782684326171875 -15.541258811950683594 -15.004335403442382812 -15.071291923522949219 -15.242007255554199219 -15.784669876098632812 -15.294363975524902344 -13.607513427734375 -10.041692733764648438 -3.9750499725341796875 -1.693950653076171875 -1.2641448974609375 -0.9500732421875 -0.7554168701171875 -1.4175567626953125 -3.49855804443359375 -5.1592540740966796875
 -14.448304176330566406 -14.984090805053710938 -15.39116668701171875 -15.740759849548339844 -15.43378448486328125 -16.070892333984375 -16.056304931640625 -14.844343185424804688 -11.193408966064453125 -4.729946136474609375 -1.8398456573486328125 -1.138988494873046875 -0.902980804443359375 -0.52254486083984375 -0.938922882080078125 -2.0884552001953125 -3.244060516357421875
 -11.721003532409667969 -13.249895095825195312 -14.431362152099609375 -15.240304946899414062 -15.815715789794921875 -15.580149650573730469 -15.7156524658203125 -14.804300308227539062 -11.934499740600585938 -5.99164581298828125 -2.48943328857421875 -1.539279937744140625 -1.4304656982421875 -0.760009765625 -0.627452850341796875 -1.398632049560546875 -2.104488372802734375
 -10.408839225769042969 -11.895405769348144531 -13.237257957458496094 -14.345427513122558594 -15.297573089599609375 -15.681552886962890625 -15.401019096374511719 -15.510687828063964844 -12.854330062866210938 -8.6962985992431640625 -2.7754058837890625 -1.566150665283203125 -1.30821990966796875 -0.837070465087890625 -0.611621856689453125 -0.949420928955078125 -1.085796356201171875
 -9.2207155227661132812 -10.7510986328125 -12.157588958740234375 -13.356122016906738281 -14.367076873779296875 -15.253168106079101562 -15.903544425964355469 -15.896093368530273438 -14.813783645629882812 -10.437046051025390625 -2.8779392242431640625 -1.4673595428466796875 -1.24285125732421875 -0.837841033935546875 -0.887538909912109375 -1.1717376708984375 -0.88213348388671875
 -8.4626102447509765625 -9.8542842864990234375 -11.235624313354492188 -12.54038238525390625 -13.76386260986328125 -14.92819976806640625 -15.861533164978027344 -15.48210906982421875 -15.480121612548828125 -13.929731369018554688 -7.4187984466552734375 -2.705226898193359375 -1.0925960540771484375 -0.7672882080078125 -0.70595550537109375 -0.74170684814453125 -0.450435638427734375
 -7.6727747917175292969 -9.014636993408203125 -10.395108222961425781 -11.797210693359375 -13.186784744262695312 -14.501394271850585938 -15.352436065673828125 -15.718157768249511719 -15.9832305908203125 -14.884533882141113281 -11.297943115234375 -7.875186920166015625 -2.9938983917236328125 -1.1214141845703125 -0.5648784637451171875 -0.606639862060546875 -0.39345550537109375
 -6.8156976699829101562 -8.1935558319091796875 -9.573276519775390625 -11.055631637573242188 -12.584027290344238281 -14.166629791259765625 -14.874048233032226562 -15.590108871459960938 -15.72109222412109375 -15.434952735900878906 -13.788592338562011719 -10.959943771362304688 -7.814418792724609375 -2.53348541259765625 -1.20912933349609375 -1.2501354217529296875 -0.839717864990234375
 -6.2835969924926757812 -7.5356249809265136719 -8.8869876861572265625 -10.256135940551757812 -11.649374008178710938 -12.979403495788574219 -13.837697982788085938 -14.56609344482421875 -15.035822868347167969 -15.378160476684570312 -15.353466033935546875 -13.299990653991699219 -9.0827236175537109375 -2.8739871978759765625 -1.559177398681640625 -1.35073089599609375 -1.14176177978515625
 -5.6266131401062011719 -6.8712449073791503906 -8.1913595199584960938 -9.4093046188354492188 -10.667362213134765625 -11.9013519287109375 -12.74080657958984375 -13.501835823059082031 -14.163289070129394531 -14.747735977172851562 -15.022638320922851562 -13.729420661926269531 -10.361290931701660156 -3.384029388427734375 -2.2209491729736328125 -1.9028568267822265625 -1.6639919281005859375
 -5.3975043296813964844 -6.283512115478515625 -7.3516736030578613281 -8.46905517578125 -9.6081304550170898438 -10.69968414306640625 -11.602229118347167969 -12.435451507568359375 -13.246889114379882812 -14.042041778564453125 -14.76142120361328125 -15.176706314086914062 -15.06195831298828125 -8.8590488433837890625 -2.6717739105224609375 -2.111972808837890625 -2.085491180419921875
 -4.9104328155517578125 -5.5823955535888671875 -6.4519629478454589844 -7.49869537353515625 -8.568187713623046875 -9.5950212478637695312 -10.500887870788574219 -11.373692512512207031 -12.308031082153320312 -13.276897430419921875 -14.315889358520507812 -15.51126861572265625 -16.620906829833984375 -15.612175941467285156 -6.9600009918212890625 -3.084484100341796875 -2.187580108642578125
 -4.1544008255004882812 -4.7852077484130859375 -5.4903817176818847656 -6.5356225967407226562 -7.5561528205871582031 -8.5601511001586914062 -9.4264230728149414062 -10.295519828796386719 -11.342665672302246094 -12.408764839172363281 -13.578241348266601562 -15.194787025451660156 -17.196115493774414062 -19.548658370971679688 -20.6729888916015625 -6.2783145904541015625 -2.9214878082275390625
